0,442
0,441
0,440
0,439
0,438
0,437
0,436
0,435
0,434
0,433
0,432
0,431
0,430
0,429
38,5
38,4
38,3
38,2
0,428
38,1
38,0
0,427
0,426
0,425
37,4
0,424
0,423
0,422
0,421
36,5
0,420
0,419
0,418
0,417
36,4
0,416
0,415
0,414
37,3
37,2
0,413
37,1
37,0
0,412
0,411
36,3
36,2
0,410
36,1
36,0
0,409
0,408
0,407
0,406
0,405
0,404
0,403
0,402
0,401
0,400
0,399
0,398
0,397
0,396
35,5
35,4
35,3
35,2
0,395
35,1
35,0
0,278
0,394
0,393
0,392
0,391
0,390
0,273
0,270
34,5
34,4
34,3
34,2
34,1
34,0
33,5
0,389
33,4
0,388
32,5
0,387
0,386
32,4
0,385
0,384
31,5
