0,273
0,270
133,35
10,131
10,189
10,119
10,161
10,139
10,149
10,111
10,217
10,3
11,2
9,5
9,1
9,7
9,2
9,3
8,8
8,15
8,5
67,5
67,4
67,3
67,2
67,1
67,0
66,4
66,3
66,2
66,1
66,0
57,5
57,4
57,3
57,2
57,1
57,0
56,5
56,4
56,3
56,2
56,1
56,0
53,5
53,4
53,3
53,2
53,1
50,5
50,4
50,3
50,2
50,1
49,4
49,3
49,2
49,1
25,5
25,4
25,3
25,2
25,1
20,3
20,2
20,1
19,3
19,2
19,1
2,2
2,1
2,3
18,3
18,1
14,3
14,1
13,3
13,1
12,3
12,2
12,1
11,28
11,27
11,26
11,25
11,24
11,23
11,22
11,21
11,20
11,19
11,18
11,17
11,16
11,15
11,14
11,13
11,12
11,11
11,10
11,9
11,8
11,7
11,6
11,5
11,1
11,4
11,3
10,250
10,230
10,206
10,200
10,130
